{
 "cells": [
  {
   "cell_type": "code",
   "execution_count": 1,
   "metadata": {},
   "outputs": [
    {
     "data": {
      "text/html": [
       "<h2>次元削減とクラスタリング</h2>"
      ],
      "text/plain": [
       "<IPython.core.display.HTML object>"
      ]
     },
     "execution_count": 1,
     "metadata": {},
     "output_type": "execute_result"
    }
   ],
   "source": [
    "from IPython.display import HTML\n",
    "HTML(\"<h2>次元削減とクラスタリング</h2>\")"
   ]
  },
  {
   "cell_type": "code",
   "execution_count": 2,
   "metadata": {
    "collapsed": true
   },
   "outputs": [],
   "source": [
    "# 基本のライブラリを読み込む\n",
    "import numpy as np\n",
    "import pandas as pd\n",
    "from scipy import stats\n",
    " \n",
    "# グラフ描画\n",
    "from matplotlib import pylab as plt\n",
    "import seaborn as sns\n",
    "%matplotlib inline\n",
    " \n",
    "# グラフを横長にする\n",
    "from matplotlib.pylab import rcParams\n",
    "rcParams['figure.figsize'] = 15, 6\n",
    "\n",
    "import matplotlib as mpl\n",
    "mpl.rcParams['font.family'] = ['serif']"
   ]
  },
  {
   "cell_type": "code",
   "execution_count": 3,
   "metadata": {},
   "outputs": [
    {
     "name": "stdout",
     "output_type": "stream",
     "text": [
      "year            1990  1991  1992  1993  1994  1995  1996  1997  1998  1999  \\\n",
      "country                                                                      \n",
      "Afghanistan      436   429   422   415   407   397   397   387   374   373   \n",
      "Albania           42    40    41    42    42    43    42    44    43    42   \n",
      "Algeria           45    44    44    43    43    42    43    44    45    46   \n",
      "American Samoa    42    14     4    18    17    22     0    25    12     8   \n",
      "Andorra           39    37    35    33    32    30    28    23    24    22   \n",
      "\n",
      "year            2000  2001  2002  2003  2004  2005  2006  2007  \n",
      "country                                                         \n",
      "Afghanistan      346   326   304   308   283   267   251   238  \n",
      "Albania           40    34    32    32    29    29    26    22  \n",
      "Algeria           48    49    50    51    52    53    55    56  \n",
      "American Samoa     8     6     5     6     9    11     9     5  \n",
      "Andorra           20    20    21    18    19    18    17    19  \n"
     ]
    }
   ],
   "source": [
    "url = 'https://docs.google.com/spreadsheets/d/1X5Jp7Q8pTs3KLJ5JBWKhncVACGsg5v4xu6badNs4C7I/pub?gid=0&output=csv'\n",
    "existing_df = pd.read_csv(url,\n",
    "    index_col = 0, \n",
    "    thousands  = ',')\n",
    "existing_df.index.names = ['country']\n",
    "existing_df.columns.names = ['year']\n",
    "dhead = existing_df.head()\n",
    "print(dhead)"
   ]
  },
  {
   "cell_type": "code",
   "execution_count": 4,
   "metadata": {},
   "outputs": [
    {
     "data": {
      "text/html": [
       "<h3>PCAを実行</h3>"
      ],
      "text/plain": [
       "<IPython.core.display.HTML object>"
      ]
     },
     "execution_count": 4,
     "metadata": {},
     "output_type": "execute_result"
    }
   ],
   "source": [
    "HTML(\"<h3>PCAを実行</h3>\")"
   ]
  },
  {
   "cell_type": "code",
   "execution_count": 5,
   "metadata": {
    "collapsed": true
   },
   "outputs": [],
   "source": [
    "from sklearn.decomposition import PCA\n",
    "pca = PCA(n_components=2)\n",
    "pca.fit(existing_df)\n",
    "\"\"\"\n",
    "http://scikit-learn.org/stable/modules/generated/sklearn.decomposition.PCA.html\n",
    "\"\"\"\n",
    "pass"
   ]
  },
  {
   "cell_type": "code",
   "execution_count": 6,
   "metadata": {},
   "outputs": [
    {
     "data": {
      "text/html": [
       "<h3>主成分の確認</h3>"
      ],
      "text/plain": [
       "<IPython.core.display.HTML object>"
      ]
     },
     "execution_count": 6,
     "metadata": {},
     "output_type": "execute_result"
    }
   ],
   "source": [
    "HTML(\"<h3>主成分の確認</h3>\")"
   ]
  },
  {
   "cell_type": "code",
   "execution_count": 7,
   "metadata": {
    "scrolled": true
   },
   "outputs": [
    {
     "name": "stdout",
     "output_type": "stream",
     "text": [
      "--- explained_variance_ratio_ ---\n",
      "[ 0.91808789  0.060556  ]\n",
      "--- components ---\n",
      "[[ 0.25583801  0.25470394  0.25141064  0.24772801  0.24449817  0.24141272\n",
      "   0.2202353   0.21919471  0.2165391   0.22204506  0.22879832  0.23376061\n",
      "   0.23077592  0.23574534  0.23472456  0.23435384  0.23355341  0.23217055]\n",
      " [ 0.33830021  0.31393233  0.29277268  0.26949215  0.23778166  0.20993393\n",
      "   0.1208106   0.07301764  0.01743088 -0.05608852 -0.10059987 -0.16723358\n",
      "  -0.20135595 -0.26801844 -0.27958111 -0.29766788 -0.29587202 -0.31605565]]\n",
      "--- mean ---\n",
      "[ 196.96618357  196.46859903  192.8115942   191.17391304  188.72463768\n",
      "  187.94202899  178.89855072  180.97584541  178.12077295  180.47342995\n",
      "  177.52173913  177.79710145  179.51690821  176.4057971   173.92270531\n",
      "  171.18357488  169.01932367  167.25603865]\n",
      "--- covariance ---\n",
      "[[ 53732.64741829  52084.82476767  51141.11734954  50091.86097094\n",
      "   48993.15076454  47982.20045345  42655.61242314  41707.77633366\n",
      "   40337.96826418  40194.74777646  40740.73425847  40605.74896898\n",
      "   39514.2778596   39380.1566218   39008.56569198  38654.13519656\n",
      "   38534.42780841  37959.60016302]\n",
      " [ 52084.82476767  52571.46754279  50601.65033192  49581.91575939\n",
      "   48521.9523264   47545.23318102  42337.46751983  41444.89039668\n",
      "   40140.53794348  40076.49341703  40667.61133548  40604.40948568\n",
      "   39554.22968865  39491.91880784  39134.32750187  38800.7902903\n",
      "   38679.69502099  38128.97770481]\n",
      " [ 51141.11734954  50601.65033192  50766.38839072  48725.53884103\n",
      "   47704.61292203  46762.76915087  41693.53664256  40850.68041089\n",
      "   39607.59923159  39603.1145935   40222.14779494  40212.99422405\n",
      "   39203.65220143  39195.40107183  38851.67035813  38536.89457451\n",
      "   38415.93042088  37888.45774718]\n",
      " [ 50091.86097094  49581.91575939  48725.53884103  48825.61167792\n",
      "   46794.87647006  45891.5358813   40975.62917633  40187.5220531\n",
      "   39011.96726708  39072.77649667  39722.23371773  39772.33325161\n",
      "   38808.05012081  38859.0644128   38530.62729666  38236.50932374\n",
      "   38115.72371432  37613.88478451]\n",
      " [ 48993.15076454  48521.9523264   47704.61292203  46794.87647006\n",
      "   46924.45621963  45016.67724231  40282.25960682  39567.38219956\n",
      "   38480.3748617   38637.2335049   39336.8550537   39474.07356437\n",
      "   38567.309738    38705.46899232  38396.54472214  38130.08591665\n",
      "   38008.50953457  37539.80004918]\n",
      " [ 47982.20045345  47545.23318102  46762.76915087  45891.5358813\n",
      "   45016.67724231  45257.80650323  39633.68636576  38983.30576223\n",
      "   37974.53793311  38214.75429237  38957.21322417  39170.04477284\n",
      "   38314.33120807  38528.12503666  38236.52054002  37994.41842734\n",
      "   37872.29175785  37432.9251813 ]\n",
      " [ 42655.61242314  42337.46751983  41693.53664256  40975.62917633\n",
      "   40282.25960682  39633.68636576  36810.74922538  35322.39041856\n",
      "   34585.72507194  35047.7133161   35872.06850275  36286.32984874\n",
      "   35618.39267175  36033.62695294  35805.79587282  35644.67466546\n",
      "   35527.32936398  35193.17448285]\n",
      " [ 41707.77633366  41444.89039668  40850.68041089  40187.5220531\n",
      "   39567.38219956  38983.30576223  35322.39041856  36047.31679887\n",
      "   34383.85905185  35005.84896776  35924.50164007  36483.80025442\n",
      "   35894.2932719   36454.62371681  36253.37646565  36132.91612642\n",
      "   36012.16360108  35724.11282657]\n",
      " [ 40337.96826418  40140.53794348  39607.59923159  39011.96726708\n",
      "   38480.3748617   37974.53793311  34585.72507194  34383.85905185\n",
      "   34975.64306089  34725.07392665  35746.34299293  36469.14407103\n",
      "   35973.97684324  36697.8708005   36528.60943437  36455.82818671\n",
      "   36331.9494196   36098.96652501]\n",
      " [ 40194.74777646  40076.49341703  39603.1145935   39072.77649667\n",
      "   38637.2335049   38214.75429237  35047.7133161   35005.84896776\n",
      "   34725.07392665  36854.72631045  37002.86116681  37974.27415861\n",
      "   37584.4160929   38557.04919873  38423.4354095   38411.2970682\n",
      "   38278.06338889  38108.89499717]\n",
      " [ 40740.73425847  40667.61133548  40222.14779494  39722.23371773\n",
      "   39336.8550537   38957.21322417  35872.06850275  35924.50164007\n",
      "   35746.34299293  37002.86116681  39382.32864241  39463.63437894\n",
      "   39130.15310394  40265.67159395  40151.1157487   40174.77602976\n",
      "   40033.89906026  39899.94643083]\n",
      " [ 40605.74896898  40604.40948568  40212.99422405  39772.33325161\n",
      "   39474.07356437  39170.04477284  36286.32984874  36483.80025442\n",
      "   36469.14407103  37974.27415861  39463.63437894  41875.96299751\n",
      "   40585.09025717  41945.95084907  41863.72455537  41942.35554224\n",
      "   41793.01602654  41716.92914077]\n",
      " [ 39514.2778596   39554.22968865  39203.65220143  38808.05012081\n",
      "   38567.309738    38314.33120807  35618.39267175  35894.2932719\n",
      "   35973.97684324  37584.4160929   39130.15310394  40585.09025717\n",
      "   41460.8482919   41864.34791072  41802.7562914   41911.01860536\n",
      "   41760.54407021  41719.61560905]\n",
      " [ 39380.1566218   39491.91880784  39195.40107183  38859.0644128\n",
      "   38705.46899232  38528.12503666  36033.62695294  36454.62371681\n",
      "   36697.8708005   38557.04919873  40265.67159395  41945.95084907\n",
      "   41864.34791072  44599.10083501  43516.95107435  43680.20650143\n",
      "   43521.26287907  43538.22017035]\n",
      " [ 39008.56569198  39134.32750187  38851.67035813  38530.62729666\n",
      "   38396.54472214  38236.52054002  35805.79587282  36253.37646565\n",
      "   36528.60943437  38423.4354095   40151.1157487   41863.72455537\n",
      "   41802.7562914   43516.95107435  44547.59643781  43667.99724175\n",
      "   43508.67444013  43537.55486032]\n",
      " [ 38654.13519656  38800.7902903   38536.89457451  38236.50932374\n",
      "   38130.08591665  37994.41842734  35644.67466546  36132.91612642\n",
      "   36455.82818671  38411.2970682   40174.77602976  41942.35554224\n",
      "   41911.01860536  43680.20650143  43667.99724175  44909.57551507\n",
      "   43696.0519514   43742.35693877]\n",
      " [ 38534.42780841  38679.69502099  38415.93042088  38115.72371432\n",
      "   38008.50953457  37872.29175785  35527.32936398  36012.16360108\n",
      "   36331.9494196   38278.06338889  40033.89906026  41793.01602654\n",
      "   41760.54407021  43521.26287907  43508.67444013  43696.0519514\n",
      "   44588.93832011  43581.45249681]\n",
      " [ 37959.60016302  38128.97770481  37888.45774718  37613.88478451\n",
      "   37539.80004918  37432.9251813   35193.17448285  35724.11282657\n",
      "   36098.96652501  38108.89499717  39899.94643083  41716.92914077\n",
      "   41719.61560905  43538.22017035  43537.55486032  43742.35693877\n",
      "   43581.45249681  44700.17647339]]\n"
     ]
    }
   ],
   "source": [
    "print(\"--- explained_variance_ratio_ ---\")\n",
    "print(pca.explained_variance_ratio_)\n",
    "print(\"--- components ---\")\n",
    "print(pca.components_)\n",
    "print(\"--- mean ---\")\n",
    "print(pca.mean_)\n",
    "print(\"--- covariance ---\")\n",
    "print(pca.get_covariance())"
   ]
  },
  {
   "cell_type": "code",
   "execution_count": 8,
   "metadata": {},
   "outputs": [
    {
     "data": {
      "text/html": [
       "<h3>データ変換</h3>"
      ],
      "text/plain": [
       "<IPython.core.display.HTML object>"
      ]
     },
     "execution_count": 8,
     "metadata": {},
     "output_type": "execute_result"
    }
   ],
   "source": [
    "HTML(\"<h3>データ変換</h3>\")"
   ]
  },
  {
   "cell_type": "code",
   "execution_count": 9,
   "metadata": {},
   "outputs": [
    {
     "data": {
      "text/html": [
       "<div>\n",
       "<style>\n",
       "    .dataframe thead tr:only-child th {\n",
       "        text-align: right;\n",
       "    }\n",
       "\n",
       "    .dataframe thead th {\n",
       "        text-align: left;\n",
       "    }\n",
       "\n",
       "    .dataframe tbody tr th {\n",
       "        vertical-align: top;\n",
       "    }\n",
       "</style>\n",
       "<table border=\"1\" class=\"dataframe\">\n",
       "  <thead>\n",
       "    <tr style=\"text-align: right;\">\n",
       "      <th></th>\n",
       "      <th>PC1</th>\n",
       "      <th>PC2</th>\n",
       "    </tr>\n",
       "    <tr>\n",
       "      <th>country</th>\n",
       "      <th></th>\n",
       "      <th></th>\n",
       "    </tr>\n",
       "  </thead>\n",
       "  <tbody>\n",
       "    <tr>\n",
       "      <th>Afghanistan</th>\n",
       "      <td>732.215864</td>\n",
       "      <td>203.381494</td>\n",
       "    </tr>\n",
       "    <tr>\n",
       "      <th>Albania</th>\n",
       "      <td>-613.296510</td>\n",
       "      <td>4.715978</td>\n",
       "    </tr>\n",
       "    <tr>\n",
       "      <th>Algeria</th>\n",
       "      <td>-569.303713</td>\n",
       "      <td>-36.837051</td>\n",
       "    </tr>\n",
       "    <tr>\n",
       "      <th>American Samoa</th>\n",
       "      <td>-717.082766</td>\n",
       "      <td>5.464696</td>\n",
       "    </tr>\n",
       "    <tr>\n",
       "      <th>Andorra</th>\n",
       "      <td>-661.802241</td>\n",
       "      <td>11.037736</td>\n",
       "    </tr>\n",
       "  </tbody>\n",
       "</table>\n",
       "</div>"
      ],
      "text/plain": [
       "                       PC1         PC2\n",
       "country                               \n",
       "Afghanistan     732.215864  203.381494\n",
       "Albania        -613.296510    4.715978\n",
       "Algeria        -569.303713  -36.837051\n",
       "American Samoa -717.082766    5.464696\n",
       "Andorra        -661.802241   11.037736"
      ]
     },
     "execution_count": 9,
     "metadata": {},
     "output_type": "execute_result"
    }
   ],
   "source": [
    "existing_2d = pca.transform(existing_df)\n",
    "\n",
    "existing_df_2d = pd.DataFrame(existing_2d)\n",
    "existing_df_2d.index = existing_df.index\n",
    "existing_df_2d.columns = ['PC1','PC2']\n",
    "existing_df_2d.head()"
   ]
  },
  {
   "cell_type": "code",
   "execution_count": 10,
   "metadata": {},
   "outputs": [
    {
     "data": {
      "text/html": [
       "<h3>主成分のグラフ表示</h3>"
      ],
      "text/plain": [
       "<IPython.core.display.HTML object>"
      ]
     },
     "execution_count": 10,
     "metadata": {},
     "output_type": "execute_result"
    }
   ],
   "source": [
    "HTML(\"<h3>主成分のグラフ表示</h3>\")"
   ]
  },
  {
   "cell_type": "code",
   "execution_count": 11,
   "metadata": {},
   "outputs": [
    {
     "data": {
      "image/png": "iVBORw0KGgoAAAANSUhEUgAAA7kAAAHgCAYAAABguarWAAAABHNCSVQICAgIfAhkiAAAAAlwSFlz\nAAALEgAACxIB0t1+/AAAIABJREFUeJzs3XmcTnX/x/HXrMxyzcbINmYwM2cMt6xJFNXdQkTFXWFQ\nQ/aSyNIv6S4SyTKWhLKnSMquFMpN2bPNNZvZzBhjGWbBGOb3x4wrirLMcM3l/Xw87sd9Xec633O+\n53y6xrzne8732OXn5yMiIiIiIiJiC+zvdAdEREREREREiopCroiIiIiIiNgMhVwRERERERGxGQq5\nIiIiIiIiYjMUckVERERERMRmKOSKiIiIiIiIzXAs7h0YhuEC/AqsM5vNAw3D8AFGA3FAEDDMbDan\nFa47CPAAvAvX/65weR2gD3AIKAcMNJvNecXddxERERERESlZij3kAu8Duy57Pwr4wWw2f2UYRmvg\nIyDMMIxGwMNms7mlYRiOwEHDMDYCp4H5wL/NZvMRwzDGAV2AWX+30/T0TD0A2Ip4e7ty8mTOne6G\nXIVqY51UF+ul2lgv1cY6qS7WS7WxXqrN9fH1NdldbXmxXq5sGEYYsJmCEdhLngK2FL7eXPgeoNWl\n5YWjtAeBZkA1wMVsNh+5ShspIRwdHe50F+QaVBvrpLpYL9XGeqk21kl1sV6qjfVSbW5NsY3kGoYR\nCtQwm83DDMOofdlH5YDMwtenAe/CkdtyFARbLvusHJB+2fqXL/9b3t6u+o/Dyvj6mu50F+QaVBvr\npLpYL9XGeqk21kl1sV6qjfVSbW5ecV6u/Axw1jCMIUBTwNkwjP7AUcAEZFBw/+1Js9mcZxjGpeWX\neBSue63lf0vD+9bF19dEenrmP68ot51qY51UF+ul2lgv1cY6qS7WS7WxXqrN9bnWHwKKLeSazeaR\nl14bhlEacDebzRMMwwgBGgNJQBNgZeFqK4Hhhes7ATWATcAp4IxhGOULL1m+vI2IiIiIiIiIxe2Y\nXfk54CEKRnJfBIYBHxqGEQxUBwYCmM3mrYZh/GQYxigKZld+w2w2ZxRuoxMw0jCMBMABmFPc/RYR\nEREREZGSp9hDrtls/hr4+k+Lu19j3bHXWL4bCC/iromIiIiIiIiNKdbZlUVERERERERuJ4VcERER\nERERsRkKuSIiIiIiImIzFHJFRERERETEZijkioiIiIiIiM1QyBURERERERGboZArIiIiImJDDhzY\nR9++r9Cz58vMmjWdqVMnMXXqJDIzMwHo3r0L58+fB2DAgL6cPHmCuLgYXn21J6tWLS+SPmzatIHU\n1BTL+1Gj3iUqKrJIti3yT4r9ObkiIiIiInL7hIbWom7d+pw5c4bw8B4AbNmymdde68mnn87h009n\nY2dnB8C4cRHY2dnh7e3DvffWLbI+/PzzBtzd3alQoSIAQ4cOt+xTpLhpJFdERERExMY1btwER0cn\nfv11C+3bP01qagrbtm3jpZc6snPndst6e/f+zvz5s/m//3uT1atXAJCTk82YMSOZP382H300mp9/\n3gDAtGkR9O37CgDr13/Pk082BwpGkqOjo1i9egXz5s0mJiaafv16FNkoscg/0UiuiIiIiMhdoHz5\nChw7lk758hUAaNiwIUFBwVes4+3tTadOXcnNzaV9+9Y88EBTvvhiPpUrV6FDhzByc3N5/vm23Htv\nPdq2fY79+/cC8OijjzFt2iSgYCQ5KCiYFi1aUa9eAwDq1q1/G49U7nYayRURERERuQscOZLKPfeU\n/9t1KlasBICzszOenl4cPpxMbGw0lSr9sdxkMnH4cFKx91fkZmkkV0RERESkhMvKyWXeuijSM87g\n6+UCeReu+Py337aSm5tLgwb3MX/+7GtuJyXlMADnzp3j5MmTVKpUmcDAYA4fTrYsz8zMpHLlKly8\neIGcnGzL8oyMk5bt2NsXjKUdPpyMt7dPUR6qyD9SyBURERERKeHmrYtiW+RRACIjD3AuYQvlvJyZ\nPXsm586dIy8vj0mTpuHo+Mev/9u3byc2Npq1a1dhMnmwZ88uvL19+OyzT4mONtOzZ188Pb0IC+tK\nRMR4Zs+eSVpaGgMGvInJZAIgMDCY6dOnULFiJdzc3Fm2bAlt27ajYcNGLF++DDs7Ozp06MyePbuI\ni4uhYcNG+PqWuyPnSO4edvn5+Xe6D8UiPT3TNg+shPL1NZGennmnuyFXodpYJ9XFeqk21ku1sU6q\ny+3x39nbiD/yx3kOKG9ieNeGV6yTmBhPlSoB9Or1MiNHjsUwAlQbK6XvzfXx9TVddcpujeSKiIiI\niJRwvl4uV4RcXy+Xv6wzefJEatQIpXr1YHx8ytzO7oncVgq5IiIiIiIlXNgTBbMkX7on99L7y40Z\nM/52d0vkjlDIFREREREp4dxdnOnVttad7oaIVdAjhERERERERMRmKOSKiIiIiIiIzVDIFRERERER\nEZuhkCsiIiIiIiI2QyFXREREREREbIZCroiIiIiIiNgMhVwRERERERGxGQq5IiIiIiIiYjMUckVE\nRERERMRmKOSKiIiIiIiIzVDIFREREREREZuhkCsiIiIiIiI2QyFXREREREREbIZCroiIiIiIiNgM\nhVwRERERERGxGQq5IiIiIiIiYjMUckVERERERMRmKOSKiIiIiIiIzVDIFREREREREZuhkCsiIiIi\nIiI2QyFXREREREREbIZCroiIiIiIiNgMhVwRERERERGxGQq5IiIiIiIiYjMUckVERERERMRmKOSK\niIiIiIiIzVDIFREREREREZuhkCsiIiIiIiI2QyFXREREREREbIZCroiIiIiIiNgMhVwRERERERGx\nGQq5IiIiIiIiYjMUckVERERERMRmKOSKiIiIiIiIzVDIFREREREREZuhkCsiIiIiIiI2QyFXRERE\nREREbIZCroiIiIiIiNgMhVwRERERERGxGQq5IiIiIiIiYjMUckVERERERMRmKOSKiIiIiIiIzVDI\nFREREREREZuhkCsiIiIiIiI2QyFXREREREREbIZCroiIiIiIiNgMhVwRERERERGxGQq5IiIiIiIi\nYjMUckVERERERMRmKOSKiIiIiIiIzVDIFREREREREZuhkCsiIiIiIiI2QyFXREREREREbIZCroiI\niIiIiNgMhVwRERERERGxGQq5IiIiIiIiYjMUckVERERERMRmKOSKiIiIiIiIzVDIFREREREREZuh\nkCsiIiIiIiI2QyFXREREREREbIZCroiIiIiIiNgMx+LasGEY9sBy4FfAGagOvAy4AKOBOCAIGGY2\nm9MK2wwCPABvYJ3ZbP6ucHkdoA9wCCgHDDSbzXnF1XcREREREREpmYp7JHeL2Wz+r9ls/j/AFXgW\nGAX8YDabRwPLgI8ADMNoBDxsNpvfBvoD4wzD8DQMww6YD7xtNptHAReALsXcbxERERERESmBii3k\nms3mi2az+X0AwzAcgcqAGXgK2FK42ubC9wCtLi0vHKU9CDQDqgEuZrP5yFXaiIiIiIiIiFgU2+XK\nlxiG8QTwOrDCbDZvNwyjHJBZ+PFpwLswBJejINhy2WflgPTL1r98+d/y9nbF0dGhCI5Aioqvr+lO\nd0GuQbWxTqqL9VJtrJdqY51UF+ul2lgv1ebmFXvINZvNa4G1hmHMNQyjN3AUMAEZFNx/e9JsNucZ\nhnFp+SUehetea/nfOnkyp4iOQIqCr6+J9PTMf15RbjvVxjqpLtZLtbFeqo11Ul2sl2pjvVSb63Ot\nPwQU2+XKhmGEGoZx+WXFhyi49Hgl0LhwWZPC91y+3DAMJ6AGsImCCarOGIZR/iptRERERERERCyK\ncyT3HBBuGEZd4FJofRXIBT40DCOYghmXBwKYzeathmH8ZBjGKApmV37DbDZnABiG0QkYaRhGAuAA\nzCnGfouIiIiIiEgJVWwh12w2x1Iwm/LVdL9Gm7HXWL4bCC+iromIiIiIiIiNKu5HCImIiIiIiIjc\nNgq5IiIiIiIiYjMUckVERERERMRmKOSKiIiIiIiIzVDIFREREREREZuhkCsiIiIiIiI2QyFXRERE\nREREbIZCroiIiIiIiNgMhVwRERERERGxGQq5IiIiIiIiYjMUckVERERERMRmKOSKiIiIiIiIzVDI\nFREREREREZuhkCsiIiIiIiI2QyFXREREREREbIZCroiIiIiIiNgMhVwRERERERGxGQq5IiIiIiIi\nYjMUckVERERERMRmKOSKiIiIiIiIzVDIFREREREREZuhkCsiIiIiIiI2QyFXREREREREbIZCroiI\niIiIiNgMhVwRERERERGxGQq5IiIiIiIiYjMUckVERERERMRmKOSKiIiIiIiIzVDIFRERkbvWsWPH\niIj4mNmzZzJjxjSGDRvEkiWLbmmb//vfL7Rv/zSpqSk31X7q1In07fsKANnZWZbXIiJyfRRyRURE\n5K6Um5vLkCEDeP75jnTt2o3u3XsxcOAQfvzxh1va7gMPNOWee8rfdPtnnmlvee3m5k5ExPRb6o+I\nyN3G8U53QERERORO+N//fqZ8+QqUK3ePZZmPTxlGjhzLpk0b+OWXjfj5+RMXF8PAgUNwc3Nn+PCh\npKam0LBhI/bt+50HH2xORsZJoqPNBAeH0K1bT8u2fvhhHRcu5HHgwH7Cw3tgGCHExx9i0aL5+PlV\nISEhng4dOhMQUBWzOZJZs6YTGloTB4c/fj1bvXoFEyd+xJo1GwAYOnQgNWqEcvToUWrXvpfHH29x\n286XiEhJoZFcERERuSslJydRpkyZvyz39vbGZDLx6qtvEBbWFcMIYc2aVQD06tWPEyeO061bT0aO\nHMsnn0TQsWMXRo/+mFWrll+xnZCQGnTt2o0uXcIZO3YUAB988F/atn2Ojh270Lbtc4we/R4AY8eO\nokuXcLp27UZISA3LNlq0aIW7u8nyvmXLVnTu/DKvvz6Izz6bUeTnRETEFmgkV0RERO5K5crdQ2Tk\nwat+5uLiyuefz8DLywuzOZKqVatZPqtQoSL29vaYTCa8vX1wdXUFwN7+yrGDihUrAVC5cmUOHYoF\nIDY22rK8UqXKxMREAXDoUCx+fn5XtPuzvLw84uMPERVlxtm5FBkZJ2/20EVEbJpGckVEROSukpWT\ny7Rl+9ic6MHu/VHEJx22fJaYGM/gwa/z4Yfv8eCDzQgLe4mGDRvd1H5SUgq2m5SUSEBAQUgODAzm\n8OHkwuVJBAUFAxAQUI3ExMQr2v3Zli2/sG3br4SH9yAsrCulS5e+qX6JiNg6jeSKiIjIXWXeuii2\nRR4FwOfezowcN40H7vXn/PnznDhxnIEDh7Jp00/Mnj2TevUaYDYfJDMzk+TkJFatWk5a2hF27tzO\nkSOpZGVlsXHjTwBkZWWxfPkyypQpS1raEbZv/43du3cSGXmQQYOGAjBkyNssXDiXbdt+JTExgcGD\n3wZg0KChzJjxCSEhNcjLyyMt7Qj/+98vZGVlkpWVxbJlS2jW7BG+/HIh48ePwde3HGfPnmHFim9p\n1arNnTmRIiJWyi4/P/9O96FYpKdn2uaBlVC+vibS0zPvdDfkKlQb66S6WC/Vxnpdb23+O3sb8Uf+\nWC+gvInhXRsWZ9fuavrOWC/VxnqpNtfH19dkd7XlulxZRERE7iq+Xi5/+15EREo2Xa4sIiIid5Ww\nJwrug03POIOvl4vlvYiI2AaFXBEREbmruLs406ttrTvdDRERKSa6XFlERERERERshkKuiIiIiIiI\n2AyFXBEREREREbEZCrkiIiIiIiJiMxRyRURERERExGYo5IqIiIiIiIjNUMgVERERERERm6GQKyIi\nIiIiIjZDIVdERERERERshkKuiIiIiIiI2AyFXBEREREREbEZCrkiIiIiIiJiMxRyRURERERExGYo\n5IqIiIiIiIjNUMgVERERERERm6GQKyIiIiIiIjZDIVdERERERESucODAPvr2fYWePV9m9+6d5OTk\n8PLLnfjww/dZunQxS5Ysumbb7dt/Y/LkCQAsXbqYdu1a39C+N23aQGpqiuX9qFHvEhUVed3tHW9o\nbyIiIiIiImLzQkNrUbdufc6cOUOdOvVYsGAOHTqE8e9/PwFAfn7+Nds2aHAf9es3BODZZ9uzcOHc\nG9r3zz9vwN3dnQoVKgIwdOhw7Ozsrru9Qq6IiIiIiIhc1fnzuUyaNI5HHnmcWrX+RXZ2FhMmfATA\nW2+NYOrUSfzww1qeeupp9u/fi79/Vezt7TCbI5k8+VMA8vLy+OqrLzh58gQJCfEMGfJ/eHh48uGH\n71O2rC9nzpyhTJmyvPhiJw4c2Ed0dBSwgv3799G4cRMmTBhLy5atadny+kaEdbmyiIiIiIiIXNXa\ntauJjY0lKCgYADc3d1q0aGX5vHfvV8nIOEn79i8yduxEWrZsRbt2L1yxjdOnT9OqVRt69OhDaGhN\n5s2bDcADDzQlPLwHffv2Z+3aVeTkZBMaWougoGBatGhFWFhXAgODqFu3/g31WSO5IiIiIiIiAkBW\nTi7z1kWRnnGG1MijPPZESy6cz+XNN/szevTHuLi4/KWNt7cPHh4eAAQFGVfcTwvg5eWFq6srAJUr\n+7F7904Ajh8/xvTpU3B1dSM7O5tTp07h6up2y8egkVwREREREREBYN66KLZFHiX+SCaHj2UTmXCK\nN998i8DAIN54ox/Z2Vl/afNP98tmZGSQk5MDQFJSIgEB1YiOjmLBgnn06NGHsLCulClTxrK+vX1B\nTD18ONnS7kZoJFdEREREREQASM84A8DZjCTOnDhE6mnYs2c3/foNYMaMafTr15PMzNOYTCb27t1D\nfPwhsrKyWLRoPi+80AmAb75ZTFraEbZs2Uxqagpubm589dVCsrOzSUpKYMiQ4bi4lCYgIIDRo9+j\nSpUA0tOPsnLld3Tr1pOGDRuxfPky7Ozs6NChM3v27CIuLoaGDRvh61vuH4/B7u9mxSrJ0tMzbfPA\nSihfXxPp6Zl3uhtyFaqNdVJdrJdqY71UG+tU1HU5cGAfU6dOIi8vj549+xIcHELfvq9gGCH85z8d\nqFq1WpHt63qtX/8906ZNolat2vj5VSEjI4Nq1arz9NPP4ODgUGz7XbBgDtOmRRAW9hL29vbExETR\nunVbmjZtdl3t9Z2xXneyNtOW7WNb5FHL+4Yh5ejVttYd6cs/8fU1XXUIWSO5IiIiIlJi/NNjTe6E\nRx99jG++Wcxjjz1JkyYPAjBtWgSTJo3j9dffLLb9duzYxRJyXV1diYqK5J13hl13yBW5mrAnCiaY\nSs84g6+Xi+V9SaKQKyIiIiIlzp8fa3JJfPwhFi2aj59fFRIS4unQoTM+PmUYMeItIJ8qVQLYuXMb\n3br1wtPTk5UrvyMgoCqJiQn07NkPLy8vZsyYxvnz53FyciI3N5c+fV674f699FJ3WrR4mB49+pCf\nn8/EiePw86vC0aNHadr0IRo1amx59Mozz7Tn9993ERgYjMlk4uDBA7i4uDBs2Ds3tM9TpzLw9vax\nvJ858xMuXLiAvb09rq6udOzYhdWrVzBx4keEhb0E5LFnzz769x9IxYqVbvgYxTa5uzhb7cjt9dLE\nUyIiIiJS4vz5sSaXfPDBf2nb9jk6duxC27bPMXr0e3h4eNCpUxcyM0/Tv/9Axo+fQo0aobzzzjC6\nd+9Fhw6dqV27DnPnzgIgJKQGvXu/SvfuvUhMjCcuLvaG+1e6dGnc3U0cO3aMefNmU7myH2FhL9G3\n72uMGTOSvLy8wkevZPDcc//hww/H8+23S2nW7BHee280ZnMkp05lXNe+vvxyAWPGjOSLLxYwcuQY\nAH79dQv79++lR48+dO/eiy1bNhMdbaZFi1a4u5to1uwR+vfvzxNPtGDq1Ek3fHwi1kwjuSIiIiJS\n4jz1VGvOnDnzl8eaxMZGW0YlK1WqTExMlKWNv39VAMqUKcvJkyc5ffo0a9asAiAz8xT29gX3z54/\nn8fUqRMxmTxJT08nI+PkDffv7NmzZGVlUrZsWWJjo/Hw8LQ8G7R69UAyM0/j7e2Dj4+P5dEqrq6u\nVKpUGQCTyUROTg6enl7/uK/nn++Ii4sL/fv3JjLyAI0bNyU2NpqzZ89a9nnPPfdccRx/nCM/4uPj\nbvj4RKyZQq6IiIiIWL0/P7szuJIrb775FhERH/PGG/0YO3YCbm7uBAYGc/hwMh4eniQlJV0x0nv5\nY068vLzw8vKiTZtn8fDw4NSpDPbt20tmZibvvz+ctWs34uTkRGxs9E31d86cWbRq1RZXVzcCA4Px\n8SlD+/YvALB27So8PDyve1vHjh3DZDJRqlSpa65jZ2dH9+69+eijD7j//iYEBgazb99ewsK6ArBj\nxzYqVfKzrJ+Scph77vEkKSmBgICC8H/69CkcHBxwc3O/iSMWsR4OI0aMuNN9KBY5Obkj7nQf5A9u\nbqXIycm9092Qq1BtrNP11qV3724cOhTHDz+s5f333+HUqVP89ttWvv9+DQ891Lz4O3oX0nfGeqk2\n1qmo6jJr5UG2RR7lSHIsyebNpB5JpUZwIE8//QwpKYeZMeMT3N3defrpZ1i8+AsOHYrj11+30Lv3\na7i6ujFv3ufExETh6elFQEA17OzsCA2txRdfzOfQoTg2bdrA/fc/QLly5UhKSmTDhvWkpqayY8c2\nMjJO0rhxE776aiEbNvzIfffdf0XfNmxYz08/rScnJ5tDh+L46acfqFChIl26hGNvb09oaE1++GEt\nUVFmtm//DScnJ0JDa7F8+TI2b/4ZPz9/EhLi+fHH7/HxKUNmZiZr1qwkLy+P+vUbMnr0e0A+1asH\nXrHfRYvm89tvW3FwcKBWrdpUqFCRTZs2sG/fHpo3f5QTJ46zdev/OHBgH3FxsTRr9jD29vZ89dUX\nlC1blk2bNrB58y/06zcADw8PZs2aTlxcHPfeW+eW6yW3Rj/Pro+bW6l3r7ZcjxCS20JT1Fsv1cY6\nXW9dVq78jqeeepq4uBjefPN1lixZfsVyKXr6zlgv1cY6FVVd/jt7G/FH/thOQHkTw7s2vOXtXq+z\nZ88ybNhA+vcfSJUqAbdtv8WhXbvWLFmyXN8ZK6baXB89QkhExAZdK8g+/PCjjBkzkooVK3HkyBEa\nNbqfBx9szqlTGXz44UiqVPHHxcWFJUu+pHPnl2nf/gW+/XYpSUmJuLu7k5GRQb9+rxfr8x1FRG6E\nr5fLFSHX18vltu7f0dGRIUPeply5e27rfovaunWrycrKYunSxfTo8fKd7o5IsVDIFRGxQXPnfk7l\nylXo0CGM3Nxcnn++LffeW4/58+cQGlqTTp26kpOTw5w5n9G+/QvExx9i6dKvmDNnEQAffTSaFSu+\npU2bZ+/wkYiIFLjTz+50dHQs8QEX4PHHW/D44y3udDdEipVCroiIDYqNjaZVqzYAODs7YzKZOHw4\niUOHYmndui1QMIunl1fBrJ1xcbGUL1/B0r5gRtKbm2xFRKQ42MKzO0Xk9lDIFREpgS6fZdTXy4UH\ng6+8rPjS7KIA586dIzMzk8qVqxAQUI3ExEQAcnJyyMgoeAZj9eqBpKamWNonJydiGDVu09GIiIiI\nFB2FXBGREmjeuii2RR4FIO7wCbav/4msrCxWrPiWVq3aEBbWlYiI8cyePZO0tDQGDHgTk8lEp05d\nGT36v0ydOpEyZcri4eEBgL9/AM899zwTJ47D3d0dJycnTVwlIiIiJZJCrohICZSeccby2t7BCf/6\nzzErYrRlmaurG4MH/99f2uXl5TFgwGDKlbuHc+fOsWrVcstnuv9WREREbIFCrpVYtmwJMTHReHv7\nkJJymLJlfenVqx/Z2VkMHjyAyZM/vS39OHBgH1OnTiIvL4++fV+nVq1/3Zb9isiNudlZRk+fzuCz\nz2YQGlqT1NRUXn31jeLqooiIiMgdoZBrBbKzs5g58xOWL/8eOzs78vLyGD9+DABubu5EREy/bX0J\nDa1F3br1OXPmjAKuiBW72VlGq1UL5P33PyzOromIiIjcUQq5VsDJyZn8/HwWLVpAixat8PLyYtCg\nYQCsXr2CiRM/Ys2aDQB8880SEhMT8PT0JDs7m969X2Xz5p+JiPiYJk0eJCcnh99+20p4eA+mT59C\nmzbPkpKSTGJiAiNGjGLy5PHUqlWbuLgYXnihE0FBxnX3Mz39KJ98Mplq1aqTnJxMmzbPEhJSg2PH\n0pk58xP8/KqQnJxEixatqF27DsOHD+Xw4WTq1KlHSkoigYEhhIf3uOZx2Nld9VnOInIVmmVURG7E\n5VdqNWzYiIyMDOzt7fD3r8rChXNZsmT5X9qMGvUu7do9j6enF5MmjaNatUDCw3uwfftvbN36P/r2\n7X9TfbnV9iIi/6TYQq5hGNWB94GdQGXguNls/q9hGD7AaCAOCAKGmc3mtMI2gwAPwBtYZzabvytc\nXgfoAxwCygEDzWZzXnH1/XZzdnYmIuJTFiyYTadOs/Hz86dLl3Duv/8BWrRoxaxZBSO58fGHWLJk\nEfPnL8bOzo6RI0fwyy8befDB5mzc+COVK1fh2WfbExl5gJCQUFavXkFoaE3Cw3sQGXkAJycnunbt\njmGEYDZHMmfOZzc0ojN58gSaNHmIxx9/ktTUFIYNG8jnny8kImI8zZs/wsMP/5sTJ44THh7G0qUr\n6dWrH336dKd371fx9TXx0EPNCA/v8bfHISIiIkXv8iu1Lv3BuW/fV7j//geu2Wbo0OGWP0A3afKQ\nZQb2Bg3uo379hjfdl1ttLyLyT4pzJNcHWGQ2m78FMAzjgGEYK4HuwA9ms/krwzBaAx8BYYZhNAIe\nNpvNLQ3DcAQOGoaxETgNzAf+bTabjxiGMQ7oAswqxr7fdtWqVeftt9/jwoULbNz4E2+9NYilS1fi\n6ellWScuLhY7O3vmz58DFDyUPDs72/J5QEBVAEJCQi3L/P3/WHbixHHWr1/L1q2byc7OJiPj5A31\nMTY2Bm9vH9LSjgD5eHv7cPHiRWJjY+jQoTMAPj5lyMrKsjyWpGLFSjg4OODg4ICjo+N1HYeIiIgU\nr7y8PDIyMvD09OLixYvMnPkJ8fFxuLq6MWzYO8TERDNhwlhatmxNy5atr2gbEfExZnMkkyd/yuLF\ni5g79zPAVOxgAAAgAElEQVTatXueM2fOkJiYwJAh/0dcXCwTJnxEzZq1CAjwY8eOXTzzTHsaNWp8\nRfuFC+fy+eczePnlHpjNB8nOzmL06I9xcHBgz55drFz5HQEBVUlMTKBnz354eXnx8ccf4utbjqys\nLHx9fWnX7oU7dBZFxFoVW8g1m83b/rTIHsgGngJGFi7bDMwpfN0K2FLYNs8wjINAM2A/4GI2m49c\n1qYTNhByLz3nMjEpmZT9a5ky/kPcXZx56KHmjB1b6i/rV68eSKlSpQgL6wqA2RxpCY7XcvklwPPn\nz8Zk8qBLl3ASExM4cGDfdfUzNjaGkydPEBgYRIMGDWnatBn5+fmULeuLvb09gYFBHD6cjGGEcPz4\nMUwmE15eXhw5cuaq27uZ4xAREZFbt2/f78yaNZ3Tp0/RufPLhIbWIiMjgw4dwnB1dSMs7D+cOpVB\nYGAQdevWv+o22rV7gZEjRwDQvv0LTJsWQfv2L+Lq6sr8+bOZN282ffq8RlBQMCEhobz8chiRkYd4\n6aWOfPvtmivad+jQmaVLF9OkSVNefLETgwa9RnR0FIYRwjvvDGPGjDn4+pZj1arlzJ07i65du/PL\nL5uYPv1zfH3LsXfvntt05kSkJLktycIwjGeAtWazOdIwjHLApSlBTwPehSO35YCDlzU7Xbgs/bL1\nL1/+t7y9XXF0dCiK7hebz+ZuY1vkUS7k5nEk/QRvvPVfHr4vkOTkZN58cxCBgX5899135ORk88MP\nK3jxxRfp1KkDM2dOxsfHh6NHjzJgwABiY2NJSIhj48bvCQmphr+/P5s3byY9PY3Vq5fRvXt3fHx8\naNOmFR9//DHz59uRm5tLenoaMTH7aNy4saVPe/fu5cCB3zl//jyLF88DIDk5mQYNGjB8+FtMmjSJ\no0cPk5GRQd26dfH1NTF8+FtMmDCBkyfTSEhIYMKE8ZQr58GCBbMs+9i9O4ucnGw2blxLu3btrnoc\nbm5u13XevvjiCyIjIylbtixJSUmUK1eOgQMHFmlttmzZwqZNmxg8eDALFixg1qxZ/Pjjj7e83TFj\nxrB3717mzZtXBL0sOr6+pjvdBbkK1cV6qTbWS7X5w6nsXD75eg9pJ3K4x8cVRydH7ruvAYMHX/lv\nZtmyZfD3Lw+Ar29ZSpe2w9fXhJtbKUym0vj6mjCZSnP6dCl8fU2cO+eGs7Oj5VyXKeODv/89AISG\nBrNkyRJ8fU2ULu1EjRqBAISEVOXs2TM4OJzHx+fK9g4O9tSrVws7OzvKly+Hs3M+jo55ZGae5pdf\n1gOQkZGBu7sL1atXYvjwt/n44w84d+4cvXr1Us1vkc6f9VJtbl6xh1zDMB4GHgYuzS5wFDABGRTc\nf3uycOT20vJLPArXvdbyv3XyZM6td76YJacVZHcHZ1cqNexCpfImXnjhj3tU0tMzadz4YVatetjy\n/uGHW/Dww39sIyfnIhUqVOXTT+de0S44uDZffvktABcuFCzz9zeYOPGPmZpffrm3Zf1LypcPYNy4\nKdfsc//+Q654n56eib29KwMGDPvL8k6dutGpUzeg4Etap879f3scOTmZ/JPs7CwmTJjwl5moLz+G\nohAYWIvq1WuSnp7J448/zaefziiSfTz5ZBt27NhV5P29Fb6+JqvqjxRQXayXamO9VJsrTVu2j22R\nBb8yRSdlUOp4CjX9/3qOLl7MtyzLzc3jxIlsSpXKJDv7HJmZZ0lPzyQz8yzZ2edIT8/kxIlscnPz\nLG2OHz9BQkIarq6u7N9vpmLFKqSnZ3L27HkOHoyhcePGHDx4iFKlSnPhghMnThy7ov2FCxc5diwL\ngLNnz5ORkUNeniOenl48+uhTeHh4cOpUBvv27SUuLgU7u9J88MF44uJieffdt5gzZ9HtOqU2R98Z\n66XaXJ9r/SGgWEOuYRhPAQ8CrwEVDMPwB1YCjYEkoEnhewr/f3hhOyegBrAJOAWcMQyjfOEly5e3\nKdFu9jmXd7NrzUT9/vsF9w8NHTock8nEm2/2Z/78xWzZ8guffz6T//u/d1m7dhXnz5/HycmJ3Nxc\n+vR5jczMTIYPH0KtWrXJyMhg7dpVLFz4NV98Mddyv9DlcnJyeOedodx7b10SExN47LEnadiwEStX\nfmeZzfrIkVRSUg4zZsx43NzcMZsjmTVrOqGhNXFw0GXZIiJye6Rn/HHb0NmMJNLjD0KWCxs2rKd5\n80cBWL58GVlZWWzYsB4PD0/S0o6wcuV3PPLIv9mzZxdxcTHUq9eAzZs3kZmZyaFDcaxevZy0tCNs\n2bKZxo2b4OHhwfLl33D8+LHCe3KHW/ablJTAlClT2LZtB8OGvYOdnR3ffLPY0v7MmTNkZWWxYsW3\nBAUZxMZGs3btKmrXrsO7745i2rQIKlasRFraEdq1e56LFy+wePFCfv99N6dOZdC+/Yu3/byKiPWz\ny8/PL5YNG4ZRH9gIbC9c5AZMAb4DPgQSgOrAkD/Nruxd+L/Vf5pduV9hGx+uY3bl9PTM4jmwIpR1\nJpd5a6OueM6lu4vzne5WsSjKv0bFxcWyYMFsfv11i2Um6po1/0X37l344ouv+eKLeaxevYJ33hmJ\nnZ0dBw7so3Xrtvz88wbLDM6DB79Ojx59qVLFn5SUZCpWrMzrr/ehXbvnadbsEVJTUxg5coQl5LZr\n15olS5Zz9uxZ9u7dQ8OGjTh9+hQDBvRj5syCUfS+fV8hLOwlGjVqzLhxH1K/fgOaN3+Ubt068/rr\nb1KzZi22bfuVOXNm/SU830n6S6F1Ul2sl2pjvVSbK10+kgvQMKRcsTx67NK/kX82cuQIWrRoxRNP\nPKy6WCl9Z6yXanN9fH1NV30GaXFOPLUDcL/Gx92v0WbsNZbvBsKLqGtWQ8+5vH6XJum69AeB1we+\njYuzwxUzUfv7+7N//15OnDhB27bPsX79OpycnCyzLp4/n8fUqRMxmTxJT08nI+Mk1apVp0qVgMIZ\nIP9Fs2aP/G0/8vPz2bVrB/v378XBwfEvM1T7+VUBwMvLi5ycgkvmDx2Kxc/PDyiYbVpEROR2CHsi\nGOCKP6YXtaVLF5OVlcW6dat5/PEWluV79uy2jMo2aaLHBYnI7aVrJ6VEmLcuim2RRzmfc4Kt0euB\nPvRqW+uKmagfffRxPvtsBo888m8eeKApffu+QqNGD+Dh4UFmZibvvz+ctWs34uTkRGxstGXba9as\nJCHhEOPGRXDy5AkuXrx4zX4sX76MY8fSGTbsHc6fP8+33359xeeXz2Z9SUBANRITE6lV61+kpBwu\nmhMiIiLyD27HH9OffbY9zz7b/i/L7723Dp99tqCgH+7unDmjESkRuX0UcqVEuHRfkb1jaS7k5vDz\nmrk4H69OamoKvXr1w9PTi6ZNH2LcuNGMGDESDw8PfH3vISSkBlDwD+zDD/+b998fjmGEEh9/iLVr\nV1G2bFnGjh1FmzbPMnfuZ6SlpfHYY0+wdetmy/1CqakpZGVl8f33a2jUqDEbNqxnypSJeHh4WO5j\ncnNzs9zH1KJFK8t9TI0bN2XQoKHMmPEJISE1yMvLIy3tCP/73y888EDTO3lKRURERERsUrHdk3un\nlYR7cu8mt3pfwe26r+hupHs+rJPqYr1UG+ul2lgn1cV6qTbWS7W5Prf9nlyRonQ77isSEREREZGS\nTyFXSgRN0iUiIiIiItfD/k53QERERERERKSoKOSKiIiIiIiIzdDlyiIiUuSWLVtCTEw03t4+pKQc\npmxZX3r16ndT29q5czsmk4mgIIO0tCNMmjSOatUCCQ/v8Y9ts7OzaNu2BRERn1pmWweIi4th/vw5\n+PlVwdHRkbCwl/7SbvDgAUye/OlN9VlERETuHIVcEREpUtnZWcyc+QnLl3+PnZ0deXl5jB8/5qa3\nt2vXDipUqEhQkME995SnSZOHSE1Nua6269atoWnTZnz33VJCQt6yLP/5543Uq9eAVq3akJeX95d2\nbm7uRERMv+k+i4iIyJ2jkCsiIkXKycmZ/Px8Fi1aQIsWrfDy8mLQoGEAXLhwgSlTJuDh4UlmZiZV\nqvjTps2zLFu2hPnz57BkyXJ++20rY8aMJCJiOufPn2fXrh3ExESRmppCp05dATh0KI7x48cQFRVJ\nWNjL13zudHJyIq++OoBOndrTt+/ruLq6EhMTzbZtv2IymcjNzaVUqVJMnz6FNm2eJSUlmcTEBJ59\n9j9MnPgRa9ZsAODbb5eSmJiAl5cX0dEHGTLkHeLi4li8eCHBwSFER0fRs2c/ypcvfztOsYiIiPwN\nhVwRESlSzs7ORER8yoIFs+nUaTZ+fv506RLO/fc/wPLly8jLy6Nr124AhIX9h3vvrUvbtu2YP38O\nAPfddz/ly1cAoEoVf+rWrU+FChVp2bK1ZR9OTk68/vqbREYe4LPPZvDAA03ZvXsnM2d+QmpqCosW\nfUNUlJnatevi7e2Dt7cPzzzTkr59+9O6ddu/bHP16hWEhtYkPLwHkZEHCAkJZdasgpHc+PhDLFmy\niHnzvgJgx47N7NixnY0bf6RHj75UrFiJUaPe5euvv6RPn9du6pzNnPkJISE1aNq02U21F5G714ED\n+5g6dRJ5eXk0bNiIEyeOc+rUKfr27U9ExMfXfXvHJZffIiJSUinkiohIkcjKyWXeuijL86xfH/g2\nLs4ObNz4E2+9NYilS1cSGxtDpUqVLG0qVKhEXFwsAQFVb2hflSv7AeDp6UVOTjYAderUo27d+pw7\nd5bly5dx+HASpUu7sG/fHk6fPk1eXh6tW7e1bCMxMYG+fV8hNTWF8uUr4O9f0IeQkFCmTp3E0aNp\nLF++DDc3dypW/KPPTz75JD/88DMHD+5n2rQIgoMN1q1bTe3adW763IWH98DO7qrPsxcR+VuhobWo\nW7c+Z86csYTZfv16EBMTdUO3d1xy+S0iIiWVQq6IiBSJeeui2BZ5lPM5J9gavR7oQ6+2tXjooeaM\nHVsKgMDAIGJioi1tUlIOU7164F+2dfRomuW1g4MD+fn5HDuWjoPDP/+z1bVrd8aOHUWrVm3o1q0n\ns2ZNp3//Qbz33ttERh7k22+/JikpEWfnUjg5OeHjUzA51qBB/XnjjcF4e3uzcuW3ALRu3ZYPPniP\nrVu3MGvWdPbv34uLSym8vMqQknKYBx9sjoeHJ46Ojpw+fYqtW/+Hn18VJk8eT61atYmLi+GFFzoR\nFGSwcOFcPv98Bi+/3AOz+SDZ2VmMHv0x6enpTJw4lsDAYMLDe7Bp0wZ++WUjfn7+xMXFMHDgENzc\n3G+xOiJyt7h48SKnT5/Cy8ub06dPX/X2jku3iGzcuOEfbxGZO/czzp8/j5OTE7m5ufTp8xpJSYmM\nGvUuZcqUwcenDFFRZjp3vvatIyK3mx4hJCIiRSI94wwA9o6luZCbw89r5jJr1nRGj36PXr364enp\nRatWbXB0dGTWrOlMmPAR7du/gL9/AABPPNGS8ePHsGzZElxd3Vi27GugYIT2l182Mm3aJM6dO8vm\nzZvYs2cXyclJrFq1nLS0I2zf/pulH35+VXBwcODXX7dw4sRx7O3tOXfuLA4ODkydOpFq1apjb2+P\ni0tpIiMP0LDh/Rw/fgw7O8jMzOTHH38gKMggPz+fZcuWYG9vx8WLF9i0aQMAFStWpFOnrpQqVYqt\nWzeTkBBPbm4uJ06cwMvLCycnJ7p27U7Hjl34z386MmfOZwB06NAZT08vmjRpyogRIwGIjo6ifPny\nPPhgc0v/TSYTr776BmFhXTGMENasWVXMlRMRW3Dw4H7mzZvNiBFvERgYhGEUzCh/6faO114baPm5\n2rZtO0u7q90i8uCDzQkP70GpUqUICalB796v0r17LxIT44mLi8XPrwqtW7fFwcGRAQMG89prb1i2\nLWINNJIrIiJFwtfLhfgjmTg4u1KpYRcahpQjvG2tK9ZxcHDgtdfeuGr77t17WV5f/gtYnTr1qFOn\nnuX9yJFjLa/Dw3v85V4zJycnPvpoEm+80Y8vvphPx45diIuLwd+/KpMmfcKyZUuoWfNfuLq6sWPH\ndho1akxyclLhJX352NvbYxghHDoUR9u27fj554KRjjlzvqBr1w5MmzaFuLjDODs78+qrb1CvXgPW\nrl1JmzbPEhISyokTx1m/fi1bt24mOzubjIyTV/TPz88fAC8vb8ul1pdzcXHl889n4OXlhdkcSdWq\n1f7hzIuIQI0aNQkL6wrAvHmfM2XKRIKDjave3nEjzp/PY+rUiZhMnqSnp1/xM61Klb//eSZypyjk\niohIkQh7IhjAck/upffF7fJ7gVMjj9LskfMEVq3GvffWxdHRES8vL8u60dFRLFgwj8WLCy5HXrq0\nYDKpl17qziuvdGHNmlUMHvx/TJky0dLm+PFjZGVlMW/e7MLQmvGXPly6nzY6OorVq5djMnnQpUs4\niYkJHDiw76rrXsuHH77Ha68NpE6denz77VKOHUu/uRMjIjbrz3MgkHfhis/LlCmL2RxJcPD13Vf7\nd7eIvP/+cNau3YiTkxOxsdF/sxUR6+EwYsSIO92HYpGTkzviTvdB/uDmVoqcnNw73Q25CtXGOpXE\nujg7OdAwpBzN6lSiYUg5nJ0cbst+Z608yLbIoxxJjiXZvJn95nha/vshHnnk3zRocB8nT57kyy8X\nEB0dRVBQMEfTj/LFsh9Y/uMOjiTsx87BnlZPtWb37p0kJiZQunRp4uPjSEpKwM/Pn4iI8eTn51O/\nfgOOHk2jRYsnWbhwIXv3/k6lSpWpXbsOP/74A2lpR8jPz+f++5vw3XffkJycRGTkAfbv30u1atWJ\njDzITz+tx8vLm/x8WL78G06ePElwsMGSJYtITEwgJCQUk8nEd999w9Gjafz++y4SExP417/uxcPD\n87acz5KsJH5v7gaqS9G79HMvIyuXuJhIovdsIifzOMePH2Pnzu38/vtunnvuedauXWn5GbJmzUr2\n7NlFtWrVqVixEqdOnWLDhh9JTk4mNjaWrKxMGjZsBMDq1cvZs2cn9eo14PjxY2zYsJ7U1FR27NhG\nRsZJatasxZdfLrjmtuXW6XtzfdzcSr17teV2+fn5t7svt0V6eqZtHlgJ5etrIj098053Q65CtbFO\nqsv1++/sbcQf+eNcBZQ3Mbxrw2uuP23ZPrZFHuVsRhLpB1cRUDWIaR+NwNGx4OKmkydP8sknEfz6\n6xZ6936V779fQ5kyZalSJYCvv/6S5557lpo16zFx4liCggxeeqk7EREfk5mZyeuvv6nLi+8gfW+s\nk+pS9G705961qDbWS7W5Pr6+pqteHqXLlUVEpES7dC/w5e//zqUJskp7+eHXuAd+5U2WgAvg7e3N\n0KHDLe8ff7yF5XWHDmGWXzw++2yBZfnl9wmLiBS3G/25J3K3UcgVEZES7UbvBdYvhyJS0t2pORBE\nSgqFXBERKdHcXZzp9adZnP+OfjkUkZLuRn/uidxtFHJFROSuol8ORUqO3r27ERpai9OnT7Fx44+0\nbv0MAOnpR4F83n33g2Lvw/r13zNt2iRq1apNv36vU6ZM2Zvazs6d2zGZTAQFXd+MxyJy8xRyRURE\nRMQqPfXU0zz11NPExcWwc+d2+vbtD8DKld/RsmXr29KHRx99jG++Wcxjjz150wEXYNeuHVSoUFEh\nV+Q2UMgVERERAHbv3snMmZ+Ql5fH5Mmf4ujoyNGjacyYMY2srEzCw3sSGBh009sfNepd2rV7Hk9P\nLyZNGke1aoGEh/e4Yp3s7CwGDx7A5Mmf3urhiA146qmnr7o8JyeH9u2fZsmS5axc+R3Tp0/hhRc6\nEhsbTUbGKVq2bM1vv20hOTmJMWPG4+bmTnz8IRYtmo+fXxUSEuLp0KEzPj5lGDHiLSCfKlUC2Llz\nG9269eKhh5pfV//27NnFypXfERBQlcTEBHr27IeXlxcff/whvr7lyMrKwtfXl/vua8yuXTuIiYki\nNTWFTp26Ehl54KptReTW2d/pDoiIiIh1qFOnHnXr1sfe3p6JE8cBUK7cPbRo0YoHH2x+SwEXYOjQ\n4QQHh3DPPeVp0uShq67j5uZORMT0W9qP2L727V+wvH7qqaepUsWf4OAQ3n77PZydnThzJpuhQ4cT\nFGSwbduvAHzwwX9p2/Y5OnbsQtu2zzF69Ht4eHjQqVMXMjNP07//QMaPn0KNGqHX1Yf8/HzeeWcY\n3bv3okOHztSuXYe5c2dx+vRpfvllE08++RS9evXDMGpQpYo/devW58EHmxMe3gNnZ+erthWRoqGR\nXBEREbnCoEHDGDHiLVavXkGLFq0sy/ft28vixQsJDg4hOjqKnj37Ub58eaZOncQPP6zlmWfa8/vv\nuwgMDMZkMnHw4AFcXFwYNuwdYmKimTBhLC1btrZcZhoff4iFC+cSGxtDQEA1wsK6snr1CiZO/Ig1\nazYAMHToQGrUCOXo0aPUrn3vFY90ErlcpUqVAXB3N1GxYsFrk8lETk4OALGx0VSsWMmybkxMlKWt\nv39VAMqUKcvhw8kMGNAPgJdf7k6tWrWvur+MjAxOnz7NmjWrAMjMPIW9vQMeHh689tpARo9+n3Pn\nztKlS/h1txWRoqGQKyIiIlcoXbo0H3zwEX37vnLF6K2Liws9evSlYsVKbNz4I19//SV9+rxG796v\nsmTJlzz33H/o2LEzrVo9xowZc+jQoTNdurzIqVMZBAYGUbdu/Sv24+TkRIcOnQHo1Kk9TZo0pUWL\nVsya9cdIbsuWBaPIFy5coGPH9gq5d4msnFzmrYuyzIL+YPCtB8DAwGAOH07Gw8OTpKQkgoL+mFnd\nzs7O8rpSpcp8/HHE325r3bo1NGjQEC8vL9q0eRYPDw9Oncpg3769ZGZm4uXlzbhxk4iLi+Xdd99i\nzpxFODg4kJ+fz7Fj6Tg4OF61rYgUDYVcERGRu9ifwwR5FwCoWLESw4a9w9tvD6VXr4JRrVKlSvH1\n11/h5eVFSkoKeXnnLdvx8fHB1dUVAFdXV8uo2qWRNE/Pv95reGlUreB1ZQ4dOkS1aoGWZXl5ecTH\nHyIqyoyzcykyMk4W/QkQqzRvXRTbIo8CEHf4BNvX/0RWVhYrVnxLq1ZtWLp0MVlZWXz//Rq8vLxI\nSzvCqlXLadq0GbGx0axdu4qyZX3Zs2cXcXEx3H//AwwZ8jYLF85l27ZfSUxMYPDgt8nNzWXt2lXE\nxkazYcN6mjd/9C992bBhPWlpR/jxx3VER5uBgpmS//Wv2rz77iimTYugYsVKpKUdoV2757l48QKL\nFy/k9993c+pUBu3bvwgU3A7w5ZcL2LlzGz179rtqWxEpGjcdcg3DaGo2m38pys6IiIjI7XV5mIg/\nkkmp48dpW/hZgwb30bbts0yc+BHduvVkypSJPPRQc1q0aMVvv23l++/X3NK+U1IOW14fPpxE1apV\nr/h8y5Zf2LbtVyZN+gSAr7/+f/buMyCKow3g+J8u/UBAEFBE9A5EVBSNRtQYo2KJPcVYeEPsWGMS\nNbYklmg09t5r7A27scaGvYBw9N4VhOPo8n5ALqIoNtTo/D5t39kdjrvZmX2era90PuG/IzktSzWt\nrqFF1frdWLXgd9Wyrl170LVrD9X89u37VNOrV29STRf/7QCYmlZk3LhJT5xr7NiJzyxLixafPtH4\n9fT8DgArq8rUrl3niX2mTJn5xLK6dV2pW9dVNW9ublHqvoIgvLpnNnKlUqn2M1Z/DYhGriAIgiD8\nhz3amMi6F05yRAA7d27Dy2sAurq6fPVVL1XvVZs2HuzYsZX4+DiSkhIJDQ0mMPAOwcFBKBQKTp8+\nCYBCoeDgQR8sLa1ITEzAx2cPrVq1VvWqubo24Ny5M+Tk5LB69XIiIyNo3doDe3sHjh49hEKhYM+e\nHTRv3pKtWzczZ85MzM0tyM7OUvXkCe83c4kuEQkZJeYFQRCel1phYeFTV0ql0lygtJcg1IBCuVz+\nzr4hn5yc8fQLE944c3NDkpMzyt5QeONE3bybRL28u963ulmyx0/VkwvgJrNgUGfnt1iil/e+1c37\n4mXqRZGVy4Yj/w6j792mJga6z+p7EV6G+My8u0TdPB9zc0O10paXNVx5NnAGuPPYcjVg8qsXSxAE\nQRCEt6l3m6LgO482JgThbTPQ1f7PPmwRBOHtK6uR+yswRC6XH3p8hVQq3V4+RRIEQRAE4U0RjQlB\nEAThffPMRq5cLs8CZj1l3YFyKZEgCIIgvGUHD/pw/vw/mJtXAiA9/T7Hjh1myZLVtGjR+KWOmZiY\nwPz5s7G3d8DLa0CJdZmZCn76aRQLFy5/5bILgiAIwofuhaMrS6VSDblcXlAehREEQRCEd0GVKlVx\ndnahSpWqAPz000j69vWiVq2X7/GsVMmSjz9uRnx83BPr9PUNWLBgWSl7CYIgCILwosqKrjwEGAcM\nksvlxbHZnaRS6Qqgo1wuTy7vAgqCIAjCm+bs7KKa/uuvjWRmZuLp+R1KpZL+/b/H0bE2UVGRfPZZ\nW9zcGnHgwD6WLVvEV199Q2hoMGlp92nXriOXLl0gJiaamTPnoK9vAEBERDibN68nNDQEOzt7evf2\n5NCh/cybN4vDh08BMHbsaBwdnUhKSsLFpQ6tW3u8jdsgCIIgCP9J6mWs7wC0fKSBi1wuvw2MBZ5M\nACYIgiAI7xF/fz+2bNnIpElT0NDQQF1dHU9PT3r18sTbewTLli0CoH37z6lSpSo1a8qYMOE3tLW1\nyMrKZOzYidSoIeXyZV/VMbW0tOjZsw8TJvzKkSMHCAsLwcOjAwYGhqpt2rXrQJ8+3zJy5A+sXr3i\njV+3IAiCIPyXlTVcOUYul8sfXyiXy09KpdKe5VQmQRAEQXjjFMpcNhz9N2VJ5yaWTJ48jp9+Go+5\nuQUAhYWF+Pr6cu6cLxoamqSlpZY4hrW1DQAGBoZUrlw0bWhoiFKpVG1TubL1I9M2hIeHY2/voFqW\nn59PREQ4QUFytLV1njiHIAiCIAjPVlYjt9S8Qw+JPLSCIAjCe2PD0SBVvtiIhAxO75lPs2af0KRJ\nU4MoaU0AACAASURBVADy8vLw8dlDUlISo0aNIy8vj717d77weeLiYlXTsbHRVKtWrcT6CxfOcvmy\nL/PnLwVg586tL3tJwmty544fixfPJz8/Hze3Rty7d5f79+8zadIUtLS0Xss5bt68wbx5f+DtPRJX\n1wZlbq9UZjJv3mwePHjAzz9PfqFz7dq1nc2b17Njh89LllYQBOHdVlYjV08qlRrJ5fL0RxdKpVIj\nQLf8ivVhSElJ4a+/1mNoaEReXh7h4WG4utane/ev3mq5Ll26yOLF8zEzM8PRsRaZmQokEhO+/PIb\ndHR0yu28e/fuYsmS+bRq1RaJREJERBgNGzbm88+7lNs5BUEQiiWnZamm0yJ9SQ69QW7t6sybNxso\n6mGNjY2hoCCXRYvmYWRkhEKh4NSp4+jr65OYmMDBgz40bdqc0NBgjhw5iJmZOTdvXicsLARX1wac\nO3eGnJwcVq9eTmRkBK1be2Bv78DRo4dQKBTs2bOD5s1bsnXrZubMmYm5uQXZ2Vns37+XDh06va1b\n88FzcnKmXr36ZGVlqSJjDx06AF/f8zRt2vy1nKNOnbpUr17jubfX09OnTZt2HDq0/4XP1bVrDzZv\nXv/C+wmCIPxXlNXIXQKckkqlc4E7FPXeOgFDgf7lXLb3Wm5uLmPGjGLatD+wsChKUXHv3l3Gj//p\nrTdyGzb8iGPHDiOTOdKt25cA7NmzgwkTxjBz5pxyO2+nTl3ZsGENXbt2x97egfT0dLp08aBDh06o\nq5f1+vi751kpSP78cwbLl69FQ0PjuY61ePE87tzxf+70IufPn2XOnJnMn78UK6vKL30NgvAhMZfo\nEpGQAYCkaiM+a9Ox1Pyx5uaGJCcXbde79/9Uy7dvV4WvYPXqTarp4h5ZgKlT/yj13K1be5QILvXo\nZ71XL88XvBKhvD148ID09PtIJCasWLGEvLw8tLS0yM3NZciQ4URHRzFt2i9UrFgRU9OKBAXJ6dPn\nW5o0aUpubi6///4bJiYmGBgYcvz4MRo1+oihQ0eVOEdpxwXw9b3A7t3bqVWrNhkZ//ZBZGYqmDdv\nNra2VUhKSqJp02Y0atSY06dPcOPGdczMzAgMDOC3335XXcPKlUuJiAhDT0+fceMmvbkbKAiCUM7K\nypP7j1QqHQr8CjR8uPgiMEwul98o78K9z86f/wdLSytVAxfA1LSi6gdQSkoyK1cuxda2CjEx0Xh4\ndMDFpS4TJ44lNjaGunVdiYgIx8mpluqp8oYNa4mICKVKFTtu376JlpYWw4f/QHZ2Flu2bMTWtgqR\nkRH07NkHO7tqpZbraTp16saaNSuIjIzA2tqG+fNnY2JiikKhoEaNmrRt257Nm9ezZs0KhgwZwZUr\nl9DR0aFevfpcv36F7Gwlv/4687kbdQD376dhbCxRNXB3795BVFQkxsbGZGZmMnjwMM6dO8PcubNo\n1aoN2traBAYG4OU1AKlU9kLXVx6elYJk5cr1qKk9622Akrp06cGdO/7PvX2TJk3FU3pBeEG929QE\nUL2TWzwvCMUCAvzZsGEtwcFyHBxqIJU6kpp6D3f3FkDR//mwsFDs7avTsWNnfH0vMGrUTwQE+LNm\nzUqaNGmKj88e9PT0GDp0FA8ePMDHZ0+pD7dlMscnjmtnV42pUyezZs0mKlY0w8dnD6mpRe9sb9iw\nFhsbW3r3/h85Odn07NmdrVv3cPjwAZo1+wQPjw7cvn1Tdfy0tDR69uyNnp4+vXt/ofrOFQRBeB+U\nlULIEZgDyIBTQF+5XH7vDZTrvRcTE03FihWfWG5iYgLAggVzaNGiJZ980op79+7i5dWbXbsOMGjQ\nUIYM6cfgwcMA6NatA15eAwgLC+HIkQNs3LgdgF9/nUCDBg2xtLRkwID/MXLkD8hkTty548fvv//G\n0qWrX6i8ampqWFhYkpiYwPXrV8nLy+d//+tHYWEh33zTnUaNGtOzZx927dqOm1sjOnfuhqdnTzw8\nOjBhwm9MnPgjwcFByGSOZZ5r//69QNGPieK8kRER4ezYsYWNG7ejpqbG1KmTOXv2NO7uLdiyZRP1\n67vh5t